image_width: 1280
image_height: 720
camera_name: narrow_stereo/left
camera_matrix:
  rows: 3
  cols: 3
  data: [984.446498, 0, 638.450491, 0, 988.324579, 341.745273, 0, 0, 1]
distortion_model: plumb_bob
distortion_coefficients:
  rows: 1
  cols: 5
  data: [-0.00385, -0.0338, 0.001007, 0.000284, 0]
rectification_matrix:
  rows: 3
  cols: 3
  data: [1, 0, 0, 0, 1, 0, 0, 0, 1]
projection_matrix:
  rows: 3
  cols: 4
  data: [975.949036, 0, 638.277227, 0, 0, 985.947754, 341.604784, 0, 0, 0, 1, 0]