# oST version 5.0 parameters


[image]

width
1280

height
720

[narrow_stereo/left]

camera matrix
984.446498 0.000000 638.450491
0.000000 988.324579 341.745273
0.000000 0.000000 1.000000

distortion
-0.003850 -0.033800 0.001007 0.000284 0.000000

rectification
1.000000 0.000000 0.000000
0.000000 1.000000 0.000000
0.000000 0.000000 1.000000

projection
975.949036 0.000000 638.277227 0.000000
0.000000 985.947754 341.604784 0.000000
0.000000 0.000000 1.000000 0.000000
